0.8179198108573674 
0.8179198108573674 
0.8179198108573674 
0.8179198108573674 
0.8179198108573674 
0.8179198108573674 
0.8179198108573674 
0.8179198108573674 
0.8179198108573674 
0.8179198108573674 
0.8179198108573674 
0.8179198108573674 
0.8179198108573674 
0.8179198108573674 
0.8179198108573674 
0.8179198108573674 
0.8179198108573674 
0.8179198108573674 
0.8179198108573674 
0.8179198108573674 
0.8179198108573674 
0.8179198108573674 
0.8179198108573674 
0.8179198108573674 
0.8179198108573674 
0.8179198108573674 
0.8179198108573674 
0.8179198108573674 
0.8179198108573674 
0.8179198108573674 
0.8179198108573674 
0.8179198108573674 
0.8179198108573674 
0.8179198108573674 
0.8179198108573674 
0.8179198108573674 
0.8179198108573674 
0.8179198108573674 
0.8179198108573674 
0.8179198108573674 
0.8179198108573674 
0.8179198108573674 
0.8179198108573674 
0.8179198108573674 
0.8179198108573674 
0.8179198108573674 
0.8179198108573674 
0.8179198108573674 
0.8179198108573674 
0.8179198108573674 
