0.14697522093391535 
0.14697522093391535 
0.14697522093391535 
0.14697522093391535 
0.14697522093391535 
0.14697522093391535 
0.14697522093391535 
0.14697522093391535 
0.14697522093391535 
0.14697522093391535 
0.14697522093391535 
0.14697522093391535 
0.14697522093391535 
0.14697522093391535 
0.14697522093391535 
0.14697522093391535 
0.14697522093391535 
0.14697522093391535 
0.14697522093391535 
0.14697522093391535 
0.14697522093391535 
0.14697522093391535 
0.14697522093391535 
0.14697522093391535 
0.14697522093391535 
0.14697522093391535 
0.14697522093391535 
0.14697522093391535 
0.14697522093391535 
0.14697522093391535 
0.14697522093391535 
0.14697522093391535 
0.14697522093391535 
0.14697522093391535 
0.14697522093391535 
0.14697522093391535 
0.14697522093391535 
0.14697522093391535 
0.14697522093391535 
0.14697522093391535 
0.14697522093391535 
0.14697522093391535 
0.14697522093391535 
0.14697522093391535 
0.14697522093391535 
0.14697522093391535 
0.14697522093391535 
0.14697522093391535 
0.14697522093391535 
0.14697522093391535 
